0 0 1.0
0 1 0.9372071227741331
0 2 151.7900656044986
0 3 0.8168228678537958
0 4 1.5690721649484536
0 5 1.382755388940956
0 6 0.904967197750703
0 7 10.880974695407685
0 8 1.7002811621368323
0 9 17.696344892221184
0 10 1.3608247422680413
0 11 7.807778819119026
0 12 11.131208997188379
0 13 1324.9484536082475
0 14 28.588659793814436
0 15 83.26522961574508
0 16 4.929615745079663
0 17 18.7464854732896
0 18 6.991377694470478
0 19 4.149953139643862
0 20 35.99531396438613
0 21 4.70796626054358
1 0 1.067
1 1 1.0
1 2 161.96
1 3 0.87155
1 4 1.6742
1 5 1.4754
1 6 0.9656
1 7 11.61
1 8 1.8142
1 9 18.882
1 10 1.452
1 11 8.3309
1 12 11.877
1 13 1413.72
1 14 30.5041
1 15 88.844
1 16 5.2599
1 17 20.0025
1 18 7.4598
1 19 4.428
1 20 38.407
1 21 5.0234
2 0 0.0065880464312175835
2 1 0.006174364040503828
2 2 1.0
2 3 0.005381266979501111
2 4 0.010337120276611508
2 5 0.009109656705359348
2 6 0.005961965917510496
2 7 0.07168436651024944
2 8 0.011201531242282044
2 9 0.11658434181279329
2 10 0.008965176586811558
2 11 0.05143800938503334
2 12 0.07333292170906397
2 13 8.728821931341072
2 14 0.18834341812793282
2 15 0.5485551988145221
2 16 0.032476537416646085
2 17 0.12350271672017782
2 18 0.04605952086935046
2 19 0.02734008397135095
2 20 0.2371387997036305
2 21 0.031016300321066927
3 0 1.2242556365096666
3 1 1.1473811026332397
3 2 185.82984338247948
3 3 1.0
3 4 1.9209454420285696
3 5 1.6928460788250816
3 6 1.1079111927026561
3 7 13.321094601571911
3 8 2.081578796397223
3 9 21.66484997992083
3 10 1.6659973610234637
3 11 9.558717227927255
3 12 13.627445355974988
3 13 1622.0756124146635
3 14 34.9998278928346
3 15 101.93792668234752
3 16 6.035109861740577
3 17 22.950490505421374
3 18 8.55923354942344
3 19 5.080603522459985
3 20 44.06746600883483
3 21 5.763754230967815
4 0 0.6373193166885677
4 1 0.5973002030820691
4 2 96.73874089117191
4 3 0.5205769919961774
4 4 1.0
4 5 0.8812567196272848
4 6 0.5767530760960459
4 7 6.934655357782821
4 8 1.0836220284314897
4 9 11.27822243459563
4 10 0.8672798948751643
4 11 4.976048261856409
4 12 7.094134512005735
4 13 844.4152431011827
4 14 18.220105124835744
4 15 53.06653924262334
4 16 3.141739338191375
4 17 11.947497312149087
4 18 4.455740054951619
4 19 2.6448452992474016
4 20 22.940508899773025
4 21 3.0004778401624654
5 0 0.72319371018029
5 1 0.67778229632642
5 2 109.77362071302697
5 3 0.5907211603632914
5 4 1.1347431205096923
5 5 1.0
5 6 0.6544665853327911
5 7 7.869052460349735
5 8 1.2296326419953911
5 9 12.797885319235462
5 10 0.9841398942659617
5 11 5.646536532465771
5 12 8.05002033346889
5 13 958.1943879625865
5 14 20.675138945370747
5 15 60.21689033482445
5 16 3.565067100447336
5 17 13.557340382269215
5 18 5.056120374135828
5 19 3.0012200081333873
5 20 26.031584655008807
5 21 3.4047715873661377
6 0 1.1050124275062136
6 1 1.035625517812759
6 2 167.72990886495444
6 3 0.90259942004971
6 4 1.733844241922121
6 5 1.5279618889809445
6 6 1.0
6 7 12.02361226180613
6 8 1.8788318144159073
6 9 19.554681027340514
6 10 1.503728251864126
6 11 8.627692626346313
6 12 12.300124275062139
6 13 1464.0845070422536
6 14 31.59082435791218
6 15 92.00911350455675
6 16 5.44728666114333
6 17 20.71509942004971
6 18 7.72555923777962
6 19 4.585749792874896
6 20 39.77526926263463
6 21 5.202361226180613
7 0 0.09190353143841516
7 1 0.08613264427217916
7 2 13.950043066322138
7 3 0.07506890611541775
7 4 0.14420327304048233
7 5 0.12708010335917314
7 6 0.0831696813092162
7 7 1.0
7 8 0.15626184323858744
7 9 1.626356589147287
7 10 0.12506459948320414
7 11 0.7175624461670973
7 12 1.0229974160206718
7 13 121.76744186046513
7 14 2.6273987941429806
7 15 7.652368647717485
7 16 0.45304909560723516
7 17 1.7228682170542637
7 18 0.6425322997416021
7 19 0.3813953488372093
7 20 3.3080964685615846
7 21 0.43267872523686474
8 0 0.5881380222687685
8 1 0.5512071436445817
8 2 89.27350898467644
8 3 0.48040458604343517
8 4 0.9228309998897585
8 5 0.8132510197332158
8 6 0.532245617903208
8 7 6.399514937713592
8 8 1.0
8 9 10.407893286296991
8 10 0.8003527725719325
8 11 4.5920515929886445
8 12 6.546687245066696
8 13 779.252563113218
8 14 16.81407783044868
8 15 48.97144746995921
8 16 2.899294454856135
8 17 11.025520890750744
8 18 4.11189505015985
8 19 2.4407452320582075
8 20 21.170212765957444
8 21 2.7689339653841913
9 0 0.05650884440207604
9 1 0.05296049147336087
9 2 8.577481199025527
9 3 0.046157716343607665
9 4 0.08866645482470076
9 5 0.07813790911979662
9 6 0.051138650566677255
9 7 0.6148713060057197
9 8 0.09608092363097129
9 9 1.0
9 10 0.07689863361931998
9 11 0.44120855841542206
9 12 0.6290117572291071
9 13 74.87130600571973
9 14 1.6155121279525473
9 15 4.705221904459273
9 16 0.27856688910073085
9 17 1.0593422306959008
9 18 0.39507467429297743
9 19 0.23450905624404192
9 20 2.0340535960173707
9 21 0.26604173286728094
10 0 0.7348484848484849
10 1 0.6887052341597797
10 2 111.54269972451792
10 3 0.600241046831956
10 4 1.153030303030303
10 5 1.0161157024793388
10 6 0.6650137741046832
10 7 7.9958677685950414
10 8 1.2494490358126722
10 9 13.00413223140496
10 10 1.0
10 11 5.737534435261708
10 12 8.179752066115704
10 13 973.6363636363637
10 14 21.008333333333336
10 15 61.187327823691454
10 16 3.622520661157025
10 17 13.775826446280993
10 18 5.137603305785125
10 19 3.049586776859504
10 20 26.451101928374655
10 21 3.459641873278237
11 0 0.1280773986003913
11 1 0.12003505023466852
11 2 19.440876736006917
11 3 0.10461654803202536
11 4 0.20096268110288204
11 5 0.17709971311622996
11 6 0.11590584450659593
11 7 1.3936069332245016
11 8 0.21776758813573566
11 9 2.2665018185310113
11 10 0.17429089294073868
11 11 1.0
11 12 1.4256562916371582
11 13 169.6959512177556
11 14 3.661561175863352
11 15 10.66439400304889
11 16 0.631372360729333
11 17 2.4010010923189573
11 18 0.8954374677405803
11 19 0.5315152024391122
11 20 4.610186174362914
11 21 0.6029840713488338
12 0 0.08983750105245432
12 1 0.08419634587858886
12 2 13.636440178496253
12 3 0.07338132525048413
12 4 0.14096152226993347
12 5 0.12422328870927002
12 6 0.08129999158036541
12 7 0.9775195756504167
12 8 0.15274901069293592
12 9 1.5897954028795152
12 10 0.12225309421571103
12 11 0.701431337879936
12 12 1.0
12 13 119.03005809547865
12 14 2.568333754315063
12 15 7.480340153237349
12 16 0.44286435968678955
12 17 1.684137408436474
12 18 0.6280879009850973
12 19 0.3728214195503915
12 20 3.2337290561589622
12 21 0.42295192388650327
13 0 0.0007547463429816371
13 1 0.0007073536485301191
13 2 0.11456299691593809
13 3 0.0006164940723764254
13 4 0.0011842514783691254
13 5 0.0010436295730413378
13 6 0.000683020683020683
13 7 0.008212375859434682
13 8 0.001283280989163342
13 9 0.01335625159154571
13 10 0.001027077497665733
13 11 0.005892892510539569
13 12 0.008401239283592226
13 13 1.0
13 14 0.021577186430127605
13 15 0.0628441275500099
13 16 0.0037206094559035733
13 17 0.014148841354723708
13 18 0.0052767167473049825
13 19 0.0031321619556913672
13 20 0.02716733157909628
13 21 0.0035533203180262
14 0 0.03497890447513612
14 1 0.032782478420933577
14 2 5.309450205054403
14 3 0.02857156906776466
14 4 0.054884425372326996
14 5 0.0483672686622454
14 6 0.03165476116325346
14 7 0.3806045744670388
14 8 0.059473972351257696
14 9 0.6189987575440679
14 10 0.04760015866719555
14 11 0.27310754947695554
14 12 0.38935749620542814
14 13 46.345245393242216
14 14 1.0
14 15 2.9125265128294227
14 16 0.17243255824626852
14 17 0.655731524614724
14 18 0.2445507325244803
14 19 0.1451608144478939
14 20 1.2590766487127958
14 21 0.1646795020997177
15 0 0.01200981495655306
15 1 0.011255684120480844
15 2 1.8229706001530774
15 3 0.00980989149520508
15 4 0.018844266354509028
15 5 0.016606636351357437
15 6 0.010868488586736303
15 7 0.1306784926387826
15 8 0.020420062131376347
15 9 0.2125298275629193
15 10 0.016343253342938183
15 11 0.09376997883931386
15 12 0.133683760298951
15 13 15.912385754806179
15 14 0.34334451397955973
15 15 1.0
15 16 0.05920377290531719
15 17 0.22514182161991808
15 18 0.083965152401963
15 19 0.04984016928548918
15 20 0.4322970600153077
15 21 0.05654180361082346
16 0 0.20285556759634213
16 1 0.19011768284568148
16 2 30.791459913686573
16 3 0.1656970664841537
16 4 0.3182950246202399
16 5 0.28049962927051847
16 6 0.18357763455579004
16 7 2.2072662978383617
16 8 0.3449115002186353
16 9 3.589802087492158
16 10 0.27605087549192947
16 11 1.5838514040190879
16 12 2.258027719158159
16 13 268.77317059259684
16 14 5.799368809292953
16 15 16.890815414741724
16 16 1.0
16 17 3.802828951120744
16 18 1.4182398904922147
16 19 0.8418410996406775
16 20 7.301849845054088
16 21 0.9550371680069962
17 0 0.053343332083489556
17 1 0.049993750781152355
17 2 8.096987876515435
17 3 0.043572053493313334
17 4 0.08369953755780526
17 5 0.07376077990251219
17 6 0.04827396575428071
17 7 0.5804274465691788
17 8 0.0906986626671666
17 9 0.9439820022497188
17 10 0.07259092613423321
17 11 0.4164929383827021
17 12 0.5937757780277465
17 13 70.67716535433071
17 14 1.5250143732033496
17 15 4.441644794400699
17 16 0.26296212973378325
17 17 1.0
17 18 0.3729433820772403
17 19 0.2213723284589426
17 20 1.9201099862517181
17 21 0.2511386076740407
18 0 0.14303332529022225
18 1 0.13405185125606583
18 2 21.711037829432424
18 3 0.11683289096222418
18 4 0.2244296093729054
18 5 0.19778010134319954
18 6 0.12944046757285718
18 7 1.5563419930829243
18 8 0.24319686854875464
18 9 2.5311670554170353
18 10 0.1946432880238076
18 11 1.1167725676291589
18 12 1.592133837368294
18 13 189.5117831577254
18 14 4.089131075900158
18 15 11.909702672993912
18 16 0.7050993324217807
18 17 2.681372154749457
18 18 1.0
18 19 0.5935815973618596
18 20 5.14852945119172
18 21 0.6733960695997211
19 0 0.24096657633243
19 1 0.22583559168925024
19 2 36.57633242999097
19 3 0.19682700993676605
19 4 0.37809394760614273
19 5 0.3331978319783198
19 6 0.21806684733514003
19 7 2.6219512195121952
19 8 0.4097109304426378
19 9 4.264227642276423
19 10 0.32791327913279134
19 11 1.8814137308039747
19 12 2.682249322493225
19 13 319.2682926829268
19 14 6.888911472448058
19 15 20.064137308039747
19 16 1.1878726287262873
19 17 4.517276422764228
19 18 1.684688346883469
19 19 1.0
19 20 8.673667570009032
19 21 1.1344625112917794
20 0 0.027781394016715703
20 1 0.02603692035306064
20 2 4.216939620381702
20 3 0.022692477933710004
20 4 0.04359101205509412
20 5 0.03841487228890567
20 6 0.025141250292915356
20 7 0.30228864529903404
20 8 0.04723618090452262
20 9 0.49162913010649106
20 10 0.03780560835264405
20 11 0.2169109797693129
20 12 0.30924050303330125
20 13 36.80891504152889
20 14 0.7942328221417971
20 15 2.3132241518473196
20 16 0.13695159736506368
20 17 0.5208034993620956
20 18 0.1942302184497618
20 19 0.11529148332335253
20 20 1.0
20 21 0.13079386570156482
21 0 0.21240594019986464
21 1 0.1990683600748497
21 2 32.241111597722664
21 3 0.1734980292232353
21 4 0.33328024843731335
21 5 0.2937054584544333
21 6 0.1922204084882749
21 7 2.311183660469005
21 8 0.36114981884779235
21 9 3.758808774933313
21 10 0.28904725882868176
21 11 1.6584186009475654
21 12 2.36433491260899
21 13 281.42692200501654
21 14 6.072401162559223
21 15 17.68602938248995
21 16 1.047079667157702
21 17 3.981864872397182
21 18 1.485010152486364
21 19 0.8814746984114346
21 20 7.6456185053947525
21 21 1.0
